Set parameter Username
Academic license - for non-commercial use only - expires 2022-07-10

Start experiments with triangle-shaped distributions (paper body)

Start computing multipliers 10 distributions: PiecewiseLinear(0.09090909090909091, 0.1), PiecewiseLinear(0.18181818181818182, 0.1), PiecewiseLinear(0.2727272727272727, 0.1), PiecewiseLinear(0.36363636363636365, 0.1), PiecewiseLinear(0.45454545454545453, 0.1), PiecewiseLinear(0.5454545454545454, 0.1), PiecewiseLinear(0.6363636363636364, 0.1), PiecewiseLinear(0.7272727272727273, 0.1), PiecewiseLinear(0.8181818181818182, 0.1), PiecewiseLinear(0.9090909090909091, 0.1)
0.5
0.25
0.125
0.0625
0.03125
0.015625
0.0078125
0.00390625
0.001953125
0.0009765625
0.00048828125
0.000244140625
0.0001220703125
6.103515625e-05
3.0517578125e-05
1.52587890625e-05
7.62939453125e-06
Computed multipliers [1.2726175697325768, 1.2509468869501263, 1.2280259678835055, 1.2035666405375438, 1.1771171046501063, 1.1480599113933088, 1.1157162129209264, 1.0797915094362665, 1.0408065736421024, 1.0] in 27 seconds.

Start main experiment (Figure 4).
m =  10
10 0
10 100
10 200
10 300
10 400
10 500
10 600
10 700
10 800
10 900
m =  20
20 0
20 100
20 200
20 300
20 400
20 500
20 600
20 700
20 800
20 900
m =  50
50 0
50 100
50 200
50 300
50 400
50 500
50 600
50 700
50 800
50 900
m =  100
100 0
100 100
100 200
100 300
100 400
100 500
100 600
100 700
100 800
100 900
m =  200
200 0
200 100
200 200
200 300
200 400
200 500
200 600
200 700
200 800
200 900
m =  500
500 0
500 100
500 200
500 300
500 400
500 500
500 600
500 700
500 800
500 900
m =  1000
1000 0
1000 100
1000 200
1000 300
1000 400
1000 500
1000 600
1000 700
1000 800
1000 900
m =  2000
2000 0
2000 100
2000 200
2000 300
2000 400
2000 500
2000 600
2000 700
2000 800
2000 900
m =  5000
5000 0
5000 100
5000 200
5000 300
5000 400
5000 500
5000 600
5000 700
5000 800
5000 900
m =  10000
10000 0
10000 100
10000 200
10000 300
10000 400
10000 500
10000 600
10000 700
10000 800
10000 900
Completed main experiment in 7870 seconds.
Wrote output to fig3.csv and fig3.pdf.

Start experiment with offset values of m (Figure 5).
m =  13
13 0
13 100
13 200
13 300
13 400
13 500
13 600
13 700
13 800
13 900
m =  23
23 0
23 100
23 200
23 300
23 400
23 500
23 600
23 700
23 800
23 900
m =  53
53 0
53 100
53 200
53 300
53 400
53 500
53 600
53 700
53 800
53 900
m =  103
103 0
103 100
103 200
103 300
103 400
103 500
103 600
103 700
103 800
103 900
m =  203
203 0
203 100
203 200
203 300
203 400
203 500
203 600
203 700
203 800
203 900
m =  503
503 0
503 100
503 200
503 300
503 400
503 500
503 600
503 700
503 800
503 900
m =  1003
1003 0
1003 100
1003 200
1003 300
1003 400
1003 500
1003 600
1003 700
1003 800
1003 900
Completed offset experiment in 3063 seconds.
Wrote output to fig5.csv and fig5.pdf.

Starting experiment where 10 agents all have the same distribution PiecewiseLinear(0.45454545454545453, 0.1).
Finished symmetric experiment in 1 seconds.
Result: At m=500, the welfare-maximizing algorithm is envy free with probability ~87.20% (95% confidence interval: [0.8502269688517676, 0.8916236454085277])
Measuring MNW runtime
0
1
2
3
4
5
6
7
8
9
10
11
12
13
14
15
16
17
18
19
20
21
22
23
24
On average, MNW ran in 266.3125733280182 seconds.

Start experiments with Beta distributions (Appendix B.4)

Start computing multipliers 5 distributions: Beta(0.5, 0.5), Beta(5.0, 1.0), Beta(1.0, 3.0), Beta(2.0, 2.0), Beta(2.0, 5.0)
0.5
0.25
0.125
0.0625
0.03125
0.015625
0.0078125
0.00390625
0.001953125
0.0009765625
0.00048828125
0.000244140625
0.0001220703125
6.103515625e-05
3.0517578125e-05
1.52587890625e-05
7.62939453125e-06
Computed multipliers [1.1990644744222754, 1.0, 2.4986438213281543, 1.4507196221065506, 2.443122773874758] in 29 seconds.

Start main experiment (Figure 6).
m =  5
5 0
5 100
5 200
5 300
5 400
5 500
5 600
5 700
5 800
5 900
m =  10
10 0
10 100
10 200
10 300
10 400
10 500
10 600
10 700
10 800
10 900
m =  20
20 0
20 100
20 200
20 300
20 400
20 500
20 600
20 700
20 800
20 900
m =  50
50 0
50 100
50 200
50 300
50 400
50 500
50 600
50 700
50 800
50 900
m =  100
100 0
100 100
100 200
100 300
100 400
100 500
100 600
100 700
100 800
100 900
m =  200
200 0
200 100
200 200
200 300
200 400
200 500
200 600
200 700
200 800
200 900
Completed main experiment in 3975 seconds.
Wrote output to fig6.csv and fig6.pdf.

Starting experiment where 5 agents all have the same distribution Beta(5.0, 1.0).
Finished symmetric experiment in 1 seconds.
Result: At m=1000, the welfare-maximizing algorithm is envy free with probability ~65.80% (95% confidence interval: [0.6281750655004318, 0.6869118294593697])
